Cs_n,Na_n,C6_GHz_um6
50,45,6.364483589886154
50,46,9.957023715663846
50,47,14.495190898447376
50,48,27.05847167652596
50,49,3.7013927358505776
50,50,9.017064892939898
50,51,4.075310868242525
50,52,2.6542504505922837
50,53,2.009938978173738
50,54,1.6504688560879446
50,55,1.4374484988906255
51,46,8.93370180000228
51,47,13.909128137321886
51,48,18.530297000108387
51,49,33.95057072250531
51,50,3.383539472199652
51,51,12.182319310650353
51,52,5.353436069171139
51,53,3.453569492578546
51,54,2.601024505039835
51,55,2.127647792539803
51,56,1.8642045045929467
52,47,12.564845230611445
52,48,19.24805353650805
52,49,23.56298497143886
52,50,42.41356718113817
52,51,2.7834971582881725
52,52,16.33041330240732
52,53,7.005559810636312
52,54,4.47262662220623
52,55,3.3504562609265376
52,56,2.737664286056572
52,57,2.3826296753949174
53,48,17.708983350987108
53,49,26.38400931662721
53,50,29.811809469288818
53,51,52.7549663600333
53,52,1.7712701759450498
53,53,21.78136832284682
53,54,9.111867789192448
53,55,5.767041030726875
53,56,4.296658113724708
53,57,3.5051043699069773
53,58,3.0318356130683664
54,49,25.056227248237132
54,50,35.84473782540405
54,51,37.530021146680234
54,52,65.33824654905364
54,53,0.2120412884826142
54,54,28.91134239129166
54,55,11.907053656041398
54,56,7.406923792929195
54,57,5.4872895090222364
54,58,4.477581114387958
54,59,3.8413401715554736
55,50,35.65825459758167
55,51,48.239611504102434
55,52,47.023950322148785
55,53,80.58886586186753
55,54,2.166556869451105
55,55,38.1961124606987
55,56,15.499144024075328
55,57,9.476825705325
55,58,6.986447920138253
55,59,5.781389561013152
55,60,4.847261656764189
56,51,51.16312770866161
56,52,64.27795207499341
56,53,58.64704087890455
56,54,98.99505287969177
56,55,3.939401944488356
56,56,50.210709528338974
56,57,20.214831661728123
56,58,12.085317497953305
56,59,8.856898830118528
56,60,7.156800313506367
56,61,6.093731125941807
57,52,74.25567591427729
57,53,84.73862200059034
57,54,72.81770364453435
57,55,121.11375197624712
57,56,4.5735179269670425
57,57,65.62169526125936
57,58,26.49847768626296
57,59,15.383619425264524
57,60,11.222511172727335
57,61,8.994489270295997
57,62,7.586905812247137
58,53,109.52069063975541
58,54,110.4283095222473
58,55,90.00692023685923
58,56,147.52811185294104
58,57,8.559017354017525
58,58,85.29489866242044
58,59,35.11930946408574
58,60,19.520684831841315
58,61,14.126279602307557
58,62,11.26889247993807
58,63,9.407913512250866
59,54,165.05333742905447
59,55,142.21964005829318
59,56,110.7798182317077
59,57,179.02591474341415
59,58,6.486669459599551
59,59,109.94345049991172
59,60,47.14238638052752
59,61,24.765748997637985
59,62,17.72467670347253
59,63,14.009672583315238
59,64,11.762778434770853
60,55,251.54693694107465
60,56,180.37960900951623
60,57,135.7845558045668
60,58,216.45807750984966
60,59,18.4299363292377
60,60,140.55891458754803
60,61,63.97857404893902
60,62,31.33064270633207
60,63,22.189430980753265
60,64,17.415824325832915
60,65,14.612717303585198
61,56,234.93477723175377
61,57,224.88074351780998
61,58,165.79439897566692
61,59,260.5667711532613
61,60,29.638367163986764
61,61,177.6069162433161
61,62,44.12498593525102
61,63,39.62149213383519
61,64,27.65184385635341
61,65,21.65707935617927
61,66,18.120852387442987
62,57,341.1986602301075
62,58,275.03475151683523
62,59,201.5469129007475
62,60,312.36971165532276
62,61,45.369148682015926
62,62,220.95822635541055
62,63,93.25197166774694
62,64,50.02500257028834
62,65,34.45538985599051
62,66,26.900301788674376
62,67,22.30016707765528
63,58,394.1582903566115
63,59,328.3353099469035
63,60,243.99264620056607
63,61,372.9244644464528
63,62,63.07884410693765
63,63,267.6114012418657
63,64,63.15345531403636
63,65,64.3534327783453
63,66,42.95061252588392
63,67,33.34922958898804
63,68,27.47688289998795
64,59,348.85472029629807
64,60,452.486056922976
64,61,294.1429986555421
64,62,443.36727987531486
64,63,85.28160454728803
64,64,310.31594047223115
64,65,65.5123775214409
64,66,80.84906943681807
64,67,53.5435869608261
64,68,45.60388237024288
64,69,38.05229552950921
65,60,329.19001198595504
65,61,523.9860230628375
65,62,353.1077795083036
65,63,524.882834776271
65,64,108.12121727582803
65,65,329.0496576706121
65,66,104.36281025953404
65,67,106.62789961132717
65,68,78.4460374038469
65,69,62.81516195333503
65,70,55.280095798061474
66,61,319.3188288892169
66,62,591.9186521577902
66,63,422.04600282154115
66,64,618.6652530204558
66,65,133.4979712422877
66,66,297.6093184087217
66,67,144.78762357580467
66,68,142.58901820079603
66,69,96.72198180353072
66,70,68.49850608551574
66,71,59.23224040152883
67,62,315.80687503096414
67,63,649.3311039132927
67,64,498.4368821735337
67,65,722.3359808979866
67,66,173.57974156598453
67,67,192.3350479246174
67,68,171.93330986145773
67,69,171.84775087916208
67,70,107.81702222003463
67,71,80.40601843007474
67,72,68.19883132030374
68,63,316.4250598360345
68,64,785.7111461550147
68,65,584.2020798933615
68,66,838.9901385360613
68,67,254.48234665075168
68,68,71.30183389682244
68,69,190.6346999691417
68,70,212.39387149225618
68,71,133.57974024143337
68,72,98.76376675205707
68,73,84.32946663503455
69,64,314.93139089062265
69,65,814.2940463905596
69,66,696.8029652578999
69,67,982.250968115432
69,68,188.52808902538334
69,69,-1.4521557990855296
69,70,185.76554584128064
69,71,267.1811455090909
69,72,163.72588613690087
69,73,120.89709535429188
69,74,102.12251561642985
70,65,346.2077637784563
70,66,929.8399179220676
70,67,820.813627474381
70,68,1142.471415068924
70,69,140.48625758588693
70,70,8.711177549156616
70,71,50.108794178176126
70,72,302.81457966038147
70,73,204.63052888073827
70,74,147.61801859197396
70,75,125.90072991292105
71,66,349.0643952798236
71,67,940.646430832885
71,68,961.1997559577695
71,69,1319.0860589625
71,70,341.24778988706146
71,71,252.2216012261842
71,72,79.46451250666748
71,73,371.7972608264056
71,74,250.0766214698715
71,75,179.3647075787564
71,76,156.03625813558187
72,67,347.51759162430193
72,68,1011.2372823993286
72,69,1119.5728017857532
72,70,1273.5029742117592
72,71,394.3822650635737
72,72,430.9809410942316
72,73,136.48141592856805
72,74,458.1003811764671
72,75,306.0546401911051
72,76,217.639029597249
72,77,189.28921054618874
73,68,341.10120862609136
73,69,1011.6076480392071
73,70,1298.1986292045387
73,71,1527.8842508630341
73,72,733.4880927933996
73,73,540.9280094124032
73,74,162.92190527029055
73,75,563.3363877717698
73,76,368.4114815726597
73,77,274.1900674371506
73,78,231.57954388309986
74,69,324.25637118215224
74,70,980.7561911895485
74,71,1498.603478930653
74,72,1668.9137403125549
74,73,848.8411233155795
74,74,597.433440207694
74,75,190.20585486365746
74,76,641.2872942087802
74,77,438.0735529067846
74,78,340.5469892457168
74,79,292.3984558792299
75,70,275.79216944805796
75,71,1076.7542858370787
75,72,1722.040959394888
75,73,1808.4967316512457
75,74,742.892262856662
75,75,798.187911020017
75,76,210.39264275794721
75,77,776.2319059773714
75,78,523.5396368433287
75,79,399.1759085947391
75,80,290.88995732522056
76,71,452.1557066858562
76,72,1101.1289701786693
76,73,1969.15941227742
76,74,1933.262742545575
76,75,1304.7701363770868
76,76,647.156684516657
76,77,229.0973169629409
76,78,952.3372175508204
76,79,635.2635405694526
76,80,470.9602784198327
76,81,372.5580216843516
77,72,530.9930266471289
77,73,928.5729153417121
77,74,2241.9328807255324
77,75,2841.5392317730257
77,76,1026.6790699213439
77,77,153.0470932235637
77,78,235.90693077717762
77,79,1067.5051361459762
77,80,770.3713356110429
77,81,555.6680696840106
77,82,475.3253259014554
78,73,478.25180515696235
78,74,1366.4595869523625
78,75,2540.1436487397114
78,76,3175.788763331744
78,77,1090.6695290549499
78,78,587.2578696841485
78,79,135.10431190069383
78,80,789.6412764133653
78,81,891.5392284742237
78,82,678.9369931183219
78,83,513.7639220284087
79,74,552.430651767588
79,75,936.1480725813456
79,76,2863.717204593801
79,77,3531.095963519145
79,78,1252.6910620395226
79,79,725.45148678662
79,80,317.05156428789024
79,81,934.2840554695636
79,82,1027.7207223804535
79,83,794.792479965131
79,84,600.5911840918461
80,75,530.5133351913594
80,76,901.5014967649881
80,77,2526.835019339141
80,78,3002.2139824981673
80,79,2449.4170644090977
80,80,778.1242129455328
80,81,314.3181852364628
80,82,753.3212994322456
80,83,1204.3371115817702
80,84,955.1096320761266
80,85,795.468941756071
