Cs_n,Rb_n,C6_GHz_um6
50,45,1.0479936891171986
50,46,2.7186592430866923
50,47,44.67185371443187
50,48,80.078588632543
50,49,11.509368313700042
50,50,28.92680715872459
50,51,3.0114686484107955
50,52,10.573704763216698
50,53,4.266405104909691
50,54,2.7572960026938085
50,55,2.0684072191097496
51,46,1.4064389204054994
51,47,3.6963910293853166
51,48,136.33406355532298
51,49,79.10719740807562
51,50,14.700674917473487
51,51,35.65432956808521
51,52,1.337624392421221
51,53,14.7293539208254
51,54,5.6157808215243605
51,55,3.595812384168443
51,56,2.6842528335906635
52,47,1.8763905144128141
52,48,5.005006755753838
52,49,53.70935796898454
52,50,82.41846136889133
52,51,18.674701231033744
52,52,43.884098634130225
52,53,1.1309825369551183
52,54,20.69448839506499
52,55,7.3593598722602716
52,56,4.668343466698411
52,57,3.4656970423631996
53,48,2.4892998603992615
53,49,6.7525958154183
53,50,34.664301724922005
53,51,88.78877138650678
53,52,23.60455372445
53,53,53.88224863217238
53,54,4.766930291592494
53,55,29.550565318621548
53,56,9.598639379648226
53,57,6.030317294185099
53,58,4.453210432079234
54,49,3.284689870365003
54,50,9.082612559618687
54,51,26.854822639103805
54,52,97.41378161944556
54,53,29.686869849552014
54,54,65.98954947477056
54,55,10.041067114267488
54,56,43.53612272271478
54,57,12.465528271516959
54,58,7.75475259226916
54,59,5.707607962376729
55,50,4.312082469139638
55,51,12.196318533604819
55,52,21.67287014422601
55,53,108.0489997445782
55,54,37.15511223658796
55,55,80.59543589640063
55,56,17.58565209003549
55,57,68.58979426235832
55,58,16.115301789928342
55,59,9.931300445066523
55,60,7.269210598770856
56,51,5.632629131884363
56,52,16.346249456710574
56,53,17.190781999935833
56,54,120.57100918139098
56,55,46.283418992838676
56,56,98.14127680872032
56,57,28.239337296519622
56,58,129.47060444649134
56,59,20.764606574624857
56,60,12.671186047288115
56,61,9.252590937488499
57,52,7.327084726137734
57,53,21.899736524971303
57,54,12.282563927920684
57,55,134.92336497396522
57,56,57.38977328468437
57,57,119.12528248994008
57,58,43.021482950898815
57,59,161.69508771132752
57,60,26.646593104973235
57,61,16.11838251176006
57,62,11.686349732715465
58,53,9.483610349404591
58,54,29.360360201235103
58,55,6.175526829345541
58,56,151.08273296644245
58,57,70.83855018293912
58,58,144.05709666896217
58,59,63.51979128929259
58,60,34.104655670836394
58,61,34.0800161080776
58,62,20.475427457957515
58,63,14.704876221079484
59,54,12.221979210875718
59,55,39.4639890131383
59,56,1.7021943780468693
59,57,168.9925432735956
59,58,87.04093272534094
59,59,173.8328274556434
59,60,90.26143082798883
59,61,29.901682556138415
59,62,43.432609759277
59,63,25.956484231491356
59,64,18.433908713604648
60,55,15.685840806650761
60,56,53.31885602090429
60,57,12.44104100285394
60,58,188.92117673577644
60,59,106.54467063530043
60,60,208.83564105551775
60,61,127.09213337627753
60,62,74.07408911028857
60,63,55.17555384744001
60,64,34.274739780817534
60,65,23.02838743013673
61,56,20.049562969926278
61,57,72.68131806285498
61,58,26.598483088177048
61,59,210.55631919381818
61,60,129.84127138605737
61,61,249.94970038826696
61,62,175.6612682595381
61,63,119.5710292850012
61,64,69.76543401270871
61,65,38.33418956448021
61,66,28.59071427591283
62,57,25.524327297348805
62,58,100.83837203574572
62,59,45.43646245913674
62,60,234.03412425728482
62,61,157.52270089741728
62,62,298.03545966432125
62,63,237.3129009346934
62,64,173.26157240785608
62,65,87.8765580731613
62,66,49.1086974962115
62,67,35.433766443177326
63,58,32.39973580510739
63,59,144.50531357093655
63,60,70.02675854826842
63,61,259.41140001351215
63,62,190.2875010601245
63,63,353.90074257653606
63,64,312.37579860313485
63,65,239.4098261632728
63,66,110.26365921578483
63,67,61.0902971153233
63,68,43.83877717384258
64,59,40.96456193537094
64,60,220.89390937696868
64,61,101.60189222895823
64,62,286.57928509168903
64,63,228.83173042804395
64,64,418.63555929258723
64,65,499.4442548683932
64,66,322.4073809934574
64,67,137.8270088247875
64,68,75.61438300195202
64,69,57.79233009591925
65,60,51.54764950160232
65,61,279.98076438945236
65,62,141.61102030847303
65,63,315.6325682685495
65,64,274.00602425479815
65,65,493.18696149931054
65,66,593.9097821344892
65,67,423.46912374073315
65,68,174.94780025525804
65,69,99.9808522488683
65,70,78.63068042217712
66,61,64.63075336761639
66,62,184.58107941803257
66,63,190.570789501069
66,64,346.4736224550715
66,65,326.6424137616152
66,66,421.635278798119
66,67,644.8826632399843
66,68,544.5451334300284
66,69,223.4009843496311
66,70,127.0565437720523
66,71,95.68756048196232
67,62,80.74370724122365
67,63,43.17451874236228
67,64,322.04103554119615
67,65,379.32412948785645
67,66,384.1367821100279
67,67,498.94345935969847
67,68,613.4612967434817
67,69,663.492493517127
67,70,270.2779129940869
67,71,147.5213038769131
67,72,105.77629747892048
68,63,100.45289604930892
68,64,111.77954321401441
68,65,404.73465529340655
68,66,403.3796077247963
68,67,447.02921525314946
68,68,589.4255573799234
68,69,634.3702259582433
68,70,730.7325113610509
68,71,326.5014465127878
68,72,176.0000364185651
68,73,128.25174814504263
69,64,127.8748995826333
69,65,209.1534671116358
69,66,496.21255658776533
69,67,430.0875549525642
69,68,531.0013620634861
69,69,711.738565497482
69,70,858.3838150612856
69,71,662.3684699455105
69,72,397.7626482415544
69,73,212.6008577750705
69,74,155.5955358359745
70,65,164.73842733444695
70,66,302.07734571296214
70,67,582.4096254574976
70,68,479.2963174288665
70,69,628.213392369057
70,70,842.7285548949059
70,71,867.7957852240461
70,72,592.7798150752903
70,73,481.81897639908215
70,74,255.65752990989242
70,75,188.26211591712067
71,66,197.18140672197072
71,67,395.0521938345662
71,68,653.2649097831071
71,69,526.4014529201661
71,70,733.1467839673231
71,71,983.3381396286212
71,72,864.2706523962062
71,73,652.8127231768908
71,74,579.8830800302997
71,75,306.03800016153633
71,76,227.4223129373186
72,67,235.46848028012676
72,68,500.8336869940123
72,69,929.4336908991585
72,70,570.6785871011764
72,71,851.1638693562031
72,72,1138.8488650762051
72,73,854.3168655778943
72,74,958.9757859294547
72,75,692.3774339738103
72,76,364.11353862029176
72,77,274.0352449087537
73,68,285.92914176613107
73,69,621.921997845218
73,70,722.91119181318
73,71,618.0200921880224
73,72,983.6595970815158
73,73,932.2723955108257
73,74,1181.2835027214242
73,75,1032.600714386361
73,76,818.8122391279046
73,77,430.7180699469028
73,78,330.2570359016115
74,69,345.33143236587875
74,70,754.1487314051708
74,71,913.512741478741
74,72,669.5166923048869
74,73,1130.4222191927572
74,74,1350.2575883205636
74,75,1169.6757285295043
74,76,1023.6328736803522
74,77,955.598666708988
74,78,506.6241859728287
74,79,400.90689728707645
75,70,415.2151089569078
75,71,892.6916618217733
75,72,879.3789583343944
75,73,724.236584760283
75,74,1289.7115311744687
75,75,1546.6732141073448
75,76,1150.7453363817901
75,77,992.5089958363251
75,78,1094.6727881948675
75,79,591.8329757648338
75,80,486.73788749497766
76,71,495.8254680915235
76,72,1026.1752062248834
76,73,888.3824371674914
76,74,779.008004753445
76,75,1455.4862001562853
76,76,2241.9232732717637
76,77,1120.192627459102
76,78,954.4421452783314
76,79,1219.6054370945699
76,80,686.4418660602208
76,81,544.3958767542712
77,72,588.3325063205245
77,73,1198.4184028070556
77,74,1054.6106900493587
77,75,1035.1571732377893
77,76,1032.2200267837297
77,77,1961.0903595890047
77,78,1542.005648080779
77,79,905.105664270522
77,80,1468.2991624331944
77,81,790.8570712985277
77,82,578.0347133335395
78,73,692.9878111359793
78,74,1255.841358311684
78,75,1004.8220602261409
78,76,1100.9848936729936
78,77,828.3340022384865
78,78,1956.4268122984513
78,79,1486.2683785073973
78,80,837.7239708059249
78,81,1462.731422576566
78,82,936.2524320352968
78,83,710.977537210224
79,74,810.8336497879645
79,75,1527.0868318453624
79,76,1207.290357421663
79,77,834.5451071768533
79,78,922.7218792812141
79,79,1465.5588480888962
79,80,1394.52384874157
79,81,1200.190033448876
79,82,1774.352213325417
79,83,1025.959345234953
79,84,801.8470074306065
80,75,1073.1645855411086
80,76,1501.2516261951666
80,77,1211.211170129317
80,78,1095.2939862000576
80,79,1348.362504035382
80,80,2013.964106868991
80,81,1242.7757443961868
80,82,1062.8846716043386
80,83,2121.06621666927
80,84,1106.676952704782
80,85,891.9206395448333
